1, 690
2, 590
3, 320
4, 300
5, 300
6, 300
7, 300
8, 300
9, 300
10, 300
11, 300
12, 300
13, 300
14, 300
15, 300
16, 300
17, 290
18, 290
19, 290
20, 290
21, 290
22, 290
23, 290
24, 290
25, 290
26, 290
27, 290
28, 290
29, 290
30, 290
31, 290
32, 290
33, 290
34, 290
35, 290
36, 290
37, 290
38, 290
39, 290
40, 290
41, 270
42, 270
43, 270
44, 270
45, 270
46, 240
47, 240
48, 240
49, 240
50, 240
51, 240
52, 240
53, 240
54, 240
55, 240
56, 240
57, 240
58, 240
59, 240
60, 240
61, 240
62, 240
63, 240
64, 240
65, 240
66, 240
67, 240
68, 240
69, 240
70, 240
71, 240
72, 210
73, 210
74, 210
75, 210
76, 190
77, 190
78, 190
79, 190
80, 190
81, 190
82, 190
83, 190
84, 190
85, 190
86, 190
87, 190
88, 190
89, 190
90, 190
91, 190
92, 190
93, 190
94, 190
95, 190
96, 190
97, 190
98, 190
99, 190
100, 190
101, 190
102, 190
103, 190
104, 190
105, 190
106, 190
107, 190
108, 190
109, 190
110, 190
111, 190
112, 190
113, 190
114, 190
115, 190
116, 190
117, 190
118, 190
119, 190
120, 190
121, 190
122, 190
123, 190
124, 190
125, 190
126, 190
127, 190
128, 190
129, 190
130, 190
131, 190
132, 190
133, 190
134, 190
135, 190
136, 190
137, 190
138, 190
139, 190
140, 190
141, 190
142, 190
143, 190
144, 190
145, 190
146, 190
147, 190
148, 190
149, 190
150, 190
151, 190
152, 190
153, 190
154, 190
155, 190
156, 190
157, 190
158, 190
159, 190
160, 190
161, 190
162, 190
163, 190
164, 190
165, 190
166, 190
167, 190
168, 190
169, 190
170, 190
171, 190
172, 190
173, 190
174, 190
175, 190
176, 190
177, 190
178, 190
179, 190
180, 190
181, 190
182, 190
183, 190
184, 190
185, 190
186, 190
187, 190
188, 190
189, 190
190, 190
191, 190
192, 190
193, 190
194, 190
195, 190
196, 190
197, 190
198, 190
199, 190
200, 190
201, 190
202, 190
203, 190
204, 190
205, 190
206, 190
207, 190
208, 190
209, 190
210, 190
211, 190
212, 190
213, 190
214, 190
215, 190
216, 190
217, 190
218, 190
219, 190
220, 190
221, 190
222, 190
223, 190
224, 190
225, 190
226, 190
227, 190
228, 190
229, 190
230, 190
231, 190
232, 190
233, 190
234, 190
235, 190
236, 190
237, 190
238, 190
239, 190
240, 190
241, 190
242, 190
243, 190
244, 190
245, 190
246, 190
247, 190
248, 190
249, 190
250, 190
251, 190
252, 190
253, 190
254, 190
255, 190
256, 160
257, 160
258, 160
259, 160
260, 160
261, 160
262, 160
263, 160
264, 160
265, 160
266, 160
267, 160
268, 160
269, 160
270, 160
271, 160
272, 160
273, 160
274, 160
275, 160
276, 160
277, 160
278, 160
279, 160
280, 160
281, 160
282, 160
283, 160
284, 160
285, 160
286, 160
287, 160
288, 160
289, 160
290, 160
291, 160
292, 160
293, 150
294, 150
295, 150
296, 150
297, 150
298, 150
299, 150
300, 150
301, 150
302, 150
303, 150
304, 150
305, 150
306, 150
307, 150
308, 150
309, 150
310, 150
311, 150
312, 150
313, 150
314, 150
315, 150
316, 150
317, 150
318, 150
319, 150
320, 150
321, 150
322, 150
323, 150
324, 150
325, 150
326, 150
327, 150
328, 150
329, 150
330, 150
331, 150
332, 150
333, 150
334, 150
335, 150
336, 150
337, 150
338, 150
339, 150
340, 150
341, 150
342, 150
343, 150
344, 150
345, 150
346, 150
347, 150
348, 150
349, 150
350, 150
351, 150
352, 150
353, 150
354, 150
355, 150
356, 150
357, 150
358, 130
359, 130
360, 130
361, 130
362, 130
363, 130
364, 130
365, 130
366, 130
367, 130
368, 130
369, 130
370, 130
371, 130
372, 130
373, 130
374, 130
375, 90
376, 90
377, 90
378, 90
379, 90
380, 90
381, 90
382, 90
383, 90
384, 90
385, 90
386, 90
387, 90
388, 90
389, 90
390, 90
391, 90
392, 90
393, 90
394, 90
395, 90
396, 90
397, 90
398, 90
399, 90
400, 90
401, 90
402, 90
403, 90
404, 90
405, 90
406, 90
407, 90
408, 90
409, 90
410, 90
411, 90
412, 90
413, 90
414, 90
415, 90
416, 80
417, 80
418, 80
419, 80
420, 80
421, 80
422, 80
423, 80
424, 80
425, 80
426, 80
427, 80
428, 80
429, 80
430, 80
431, 80
432, 80
433, 80
434, 80
435, 80
436, 80
437, 80
438, 80
439, 80
440, 80
441, 80
442, 80
443, 80
444, 80
445, 80
446, 80
447, 80
448, 80
449, 80
450, 80
451, 80
452, 80
453, 80
454, 80
455, 80
456, 80
457, 80
458, 80
459, 80
460, 80
461, 80
462, 80
463, 80
464, 80
465, 80
466, 80
467, 80
468, 80
469, 80
470, 80
471, 80
472, 80
473, 80
474, 80
475, 80
476, 80
477, 80
478, 80
479, 80
480, 80
481, 80
482, 80
483, 80
484, 80
485, 80
486, 80
487, 80
488, 80
489, 80
490, 80
491, 80
492, 80
493, 80
494, 80
495, 80
496, 80
497, 80
498, 80
499, 80
500, 80
501, 80
502, 80
503, 80
504, 80
505, 80
506, 80
507, 80
508, 80
509, 80
510, 80
511, 80
512, 80
513, 80
514, 80
515, 80
516, 80
517, 80
518, 80
519, 80
520, 80
521, 80
522, 80
523, 80
524, 80
525, 80
526, 80
527, 80
528, 80
529, 80
530, 80
531, 80
532, 80
533, 80
534, 80
535, 80
536, 80
537, 80
538, 80
539, 80
540, 80
541, 80
542, 80
543, 80
544, 80
545, 80
546, 80
547, 80
548, 80
549, 80
550, 80
551, 80
552, 80
553, 80
554, 80
555, 80
556, 80
557, 80
558, 80
559, 80
560, 80
561, 80
562, 80
563, 80
564, 80
565, 80
566, 80
567, 80
568, 80
569, 80
570, 80
571, 80
572, 80
573, 80
574, 80
575, 80
576, 80
577, 80
578, 80
579, 80
580, 80
581, 80
582, 80
583, 80
584, 80
585, 80
586, 80
587, 80
588, 80
589, 80
590, 80
591, 80
592, 80
593, 80
594, 80
595, 80
596, 80
597, 80
598, 80
599, 80
600, 80
601, 80
602, 80
603, 80
604, 80
605, 50
606, 50
607, 50
608, 50
609, 50
610, 50
611, 50
612, 50
613, 50
614, 50
615, 50
616, 50
617, 50
618, 50
619, 50
620, 50
621, 50
622, 50
623, 50
624, 50
625, 40
626, 40
627, 40
628, 40
629, 40
630, 40
631, 40
632, 40
633, 40
634, 40
635, 40
636, 40
637, 40
638, 40
639, 40
640, 40
641, 40
642, 40
643, 40
644, 40
645, 40
646, 40
647, 40
648, 40
649, 40
650, 40
651, 40
652, 40
653, 40
654, 40
655, 40
656, 30
657, 30
658, 30
659, 30
660, 30
661, 30
662, 30
663, 30
664, 30
665, 30
666, 30
667, 30
668, 30
669, 30
670, 30
671, 30
672, 30
673, 30
674, 30
675, 30
676, 30
677, 30
678, 30
679, 30
680, 30
681, 30
682, 30
683, 30
684, 30
685, 30
686, 30
687, 30
688, 30
689, 30
690, 30
691, 30
692, 30
693, 30
694, 30
695, 30
696, 30
697, 30
698, 30
699, 30
700, 30
701, 30
702, 30
703, 30
704, 30
705, 30
706, 30
707, 30
708, 30
709, 30
710, 30
711, 30
712, 30
713, 30
714, 30
715, 30
716, 30
717, 30
718, 30
719, 30
720, 30
721, 30
722, 30
723, 30
724, 30
725, 30
726, 30
727, 30
728, 30
729, 30
730, 30
731, 30
732, 30
733, 30
734, 30
735, 30
736, 30
737, 30
738, 30
739, 30
740, 30
741, 30
742, 30
743, 30
744, 30
745, 30
746, 30
747, 30
748, 30
749, 30
750, 30
751, 30
752, 30
753, 30
754, 30
755, 30
756, 30
757, 30
758, 30
759, 30
760, 30
761, 30
762, 30
763, 30
764, 30
765, 30
766, 30
767, 30
768, 30
769, 30
770, 30
771, 30
772, 30
773, 30
774, 30
775, 30
776, 30
777, 30
778, 30
779, 30
780, 30
781, 30
782, 30
783, 30
784, 30
785, 30
786, 30
787, 30
788, 30
789, 30
790, 30
791, 30
792, 30
793, 30
794, 30
795, 30
796, 30
797, 30
798, 30
799, 30
800, 30
801, 30
802, 30
803, 30
804, 30
805, 30
806, 30
807, 30
808, 30
809, 30
810, 30
811, 30
812, 30
813, 30
814, 30
815, 30
816, 30
817, 30
818, 30
819, 30
820, 30
821, 30
822, 30
823, 30
824, 30
825, 30
826, 30
827, 30
828, 30
829, 30
830, 30
831, 30
832, 30
833, 30
834, 30
835, 30
836, 30
837, 30
838, 30
839, 30
840, 30
841, 30
842, 30
843, 30
844, 30
845, 30
846, 30
847, 30
848, 30
849, 30
850, 30
851, 30
852, 30
853, 30
854, 30
855, 30
856, 30
857, 30
858, 30
859, 30
860, 30
861, 30
862, 30
863, 30
864, 30
865, 30
866, 30
867, 30
868, 30
869, 30
870, 30
871, 30
872, 30
873, 30
874, 30
875, 30
876, 30
877, 30
878, 30
879, 30
880, 30
881, 30
882, 30
883, 30
884, 30
885, 30
886, 30
887, 30
888, 30
889, 30
890, 30
891, 30
892, 30
893, 30
894, 30
895, 30
896, 30
897, 30
898, 30
899, 30
900, 30
901, 30
902, 30
903, 30
904, 30
905, 30
906, 30
907, 30
908, 30
909, 30
910, 30
911, 30
912, 30
913, 30
914, 30
915, 30
916, 30
917, 30
918, 30
919, 30
920, 30
921, 30
922, 30
923, 30
924, 30
925, 30
926, 30
927, 30
928, 30
929, 30
930, 30
931, 30
932, 30
933, 30
934, 30
935, 30
936, 30
937, 30
938, 30
939, 30
940, 30
941, 30
942, 30
943, 30
944, 30
945, 30
946, 30
947, 30
948, 30
949, 30
950, 30
951, 30
952, 30
953, 30
954, 30
955, 30
956, 30
957, 30
958, 30
959, 30
960, 30
961, 30
962, 30
963, 30
964, 30
965, 30
966, 30
967, 30
968, 30
969, 30
970, 30
971, 30
972, 30
973, 30
974, 30
975, 30
976, 30
977, 30
978, 30
979, 30
980, 30
981, 30
982, 30
983, 30
984, 30
985, 30
986, 30
987, 30
988, 30
989, 30
990, 30
991, 30
992, 30
993, 30
994, 30
995, 30
996, 30
997, 30
998, 30
999, 30
1000, 30
1001, 30
1002, 30
1003, 30
1004, 30
1005, 30
1006, 30
1007, 30
1008, 30
1009, 30
1010, 30
1011, 30
1012, 30
1013, 30
1014, 30
1015, 30
1016, 30
1017, 30
1018, 30
1019, 30
1020, 30
1021, 30
1022, 30
1023, 30
1024, 30
1025, 30
1026, 30
1027, 30
1028, 30
1029, 30
1030, 30
1031, 30
1032, 30
1033, 30
1034, 30
1035, 30
1036, 30
1037, 30
1038, 30
1039, 30
1040, 30
1041, 30
1042, 30
1043, 30
1044, 30
1045, 30
1046, 30
1047, 30
1048, 30
1049